   0   0   0   0   0   0   0   0   0   0   0   0   0   0   0   0
  0 170 170 170 170 170 170 170 170 170 170 170 170 170 170   0
  0 170 188 170 170 188 255 255 255 255 188 170 170 188 170   0
  0 170 170   0   0 170 255 255 255 255 170   0   0 170 170   0
  0 170 170   0   0 170 255 255 255 255 170   0   0 170 170   0
  0 170 188 170 170  62  85  85  85  85  62 170 170 188 170   0
  0 170 255 255 255  85   0   0   0   0  85 255 255 255 170   0
  0 170 255 255 255  85   0   0   0   0  85 255 255 255 170   0
  0 170 170   0   0 170 255 255   0   0  57   0   0 170 170   0
  0 170 170   0   0 170 255 255   0   0  57   0   0 170 170   0
  0 170 125  57  57 125 255 255  57  57  38  85  85 170 170   0
  0 170 170   0   0 170 255 255   0   0  85 255 255 255 170   0
  0 170 170   0   0 170 255 255   0   0  85 255 255 255 170   0
  0 170 188 170 170 188 255 255 170 170 170 255 255 255 170   0
  0 170 170 170 170 170 170 170 170 170 170 170 170 170 170   0
  0   0   0   0   0   0   0   0   0   0   0   0   0   0   0   0
  0   0   0   0   0   0   0   0   0   0   0   0   0   0   0   0
  0 170 170 170 170 170 170 170 170 170 170 170 170 170 170   0
  0 170 188 170 170 188 255 255 255 255 188 170 170 188 170   0
  0 170 170   0   0 170 255 255 255 255 170   0   0 170 170   0
  0 170 170   0   0 170 255 255 255 255 170   0   0 170 170   0
  0 170 188 170 170  62  85  85  85  85  62 170 170 188 170   0
  0 170 255 255 255  85   0   0   0   0  85 255 255 255 170   0
  0 170 255 255 255  85   0   0   0   0  85 255 255 255 170   0
  0 170 170   0   0 170 255 255   0   0  57   0   0 170 170   0
  0 170 170   0   0 170 255 255   0   0  57   0   0 170 170   0
  0 170 125  57  57 125 255 255  57  57  38  85  85 170 170   0
  0 170 170   0   0 170 255 255   0   0  85 255 255 255 170   0
  0 170 170   0   0 170 255 255   0   0  85 255 255 255 170   0
  0 170 188 170 170 188 255 255 170 170 170 255 255 255 170   0
  0 170 170 170 170 170 170 170 170 170 170 170 170 170 170   0
  0   0   0   0   0   0   0   0   0   0   0   0   0   0   0   0
  0   0   0   0   0   0   0   0   0   0   0   0   0   0   0   0
  0 170 170 170 170 170 170 170 170 170 170 170 170 170 170   0
  0 170 188 170 170 188 255 255 255 255 188 170 170 188 170   0
  0 170 170   0   0 170 255 255 255 255 170   0   0 170 170   0
  0 170 170   0   0 170 255 255 255 255 170   0   0 170 170   0
  0 170 188 170 170  62  85  85  85  85  62 170 170 188 170   0
  0 170 255 255 255  85   0   0   0   0  85 255 255 255 170   0
  0 170 255 255 255  85   0   0   0   0  85 255 255 255 170   0
  0 170 170   0   0 170 255 255   0   0  57   0   0 170 170   0
  0 170 170   0   0 170 255 255   0   0  57   0   0 170 170   0
  0 170 125  57  57 125 255 255  57  57  38  85  85 170 170   0
  0 170 170   0   0 170 255 255   0   0  85 255 255 255 170   0
  0 170 170   0   0 170 255 255   0   0  85 255 255 255 170   0
  0 170 188 170 170 188 255 255 170 170 170 255 255 255 170   0
  0 170 170 170 170 170 170 170 170 170 170 170 170 170 170   0
  0   0   0   0   0   0   0   0   0   0   0   0   0   0   0   0

  0   0   0   0   0   0   0   0   0   0   0   0   0   0   0   0
  0 170 170 170 170 170 170 170 170 170 170 170 170 170 170   0
  0 170 188 170 170 188 255 255 170 170 170 255 255 255 170   0
  0 170 170   0   0 170 255 255   0   0  85 255 255 255 170   0
  0 170 170   0   0 170 255 255   0   0  85 255 255 255 170   0
  0 170 188 170 170  62  85  85  57  57  38  85  85 170 170   0
  0 170 255 255 255  85   0   0   0   0  57   0   0 170 170   0
  0 170 255 255 255  85   0   0   0   0  57   0   0 170 170   0
  0 170 255 255 255  85   0   0 255 255 255 255 255 255 170   0
  0 170 255 255 255  85   0   0 255 255 255 255 255 255 170   0
  0 170 188 170 170  62  85  85 170 170 125 170 170 188 170   0
  0 170 170   0   0 170 255 255   0   0  57   0   0 170 170   0
  0 170 170   0   0 170 255 255   0   0  57   0   0 170 170   0
  0 170 188 170 170 188 255 255 170 170 125 170 170 188 170   0
  0 170 170 170 170 170 170 170 170 170 170 170 170 170 170   0
  0   0   0   0   0   0   0   0   0   0   0   0   0   0   0   0
  0   0   0   0   0   0   0   0   0   0   0   0   0   0   0   0
  0 170 170 170 170 170 170 170 170 170 170 170 170 170 170   0
  0 170 188 170 170 188 255 255 170 170 170 255 255 255 170   0
  0 170 170   0   0 170 255 255   0   0  85 255 255 255 170   0
  0 170 170   0   0 170 255 255   0   0  85 255 255 255 170   0
  0 170 188 170 170  62  85  85  57  57  38  85  85 170 170   0
  0 170 255 255 255  85   0   0   0   0  57   0   0 170 170   0
  0 170 255 255 255  85   0   0   0   0  57   0   0 170 170   0
  0 170 255 255 255  85   0   0 255 255 255 255 255 255 170   0
  0 170 255 255 255  85   0   0 255 255 255 255 255 255 170   0
  0 170 188 170 170  62  85  85 170 170 125 170 170 188 170   0
  0 170 170   0   0 170 255 255   0   0  57   0   0 170 170   0
  0 170 170   0   0 170 255 255   0   0  57   0   0 170 170   0
  0 170 188 170 170 188 255 255 170 170 125 170 170 188 170   0
  0 170 170 170 170 170 170 170 170 170 170 170 170 170 170   0
  0   0   0   0   0   0   0   0   0   0   0   0   0   0   0   0
  0   0   0   0   0   0   0   0   0   0   0   0   0   0   0   0
  0 170 170 170 170 170 170 170 170 170 170 170 170 170 170   0
  0 170 188 170 170 188 255 255 170 170 170 255 255 255 170   0
  0 170 170   0   0 170 255 255   0   0  85 255 255 255 170   0
  0 170 170   0   0 170 255 255   0   0  85 255 255 255 170   0
  0 170 188 170 170  62  85  85  57  57  38  85  85 170 170   0
  0 170 255 255 255  85   0   0   0   0  57   0   0 170 170   0
  0 170 255 255 255  85   0   0   0   0  57   0   0 170 170   0
  0 170 255 255 255  85   0   0 255 255 255 255 255 255 170   0
  0 170 255 255 255  85   0   0 255 255 255 255 255 255 170   0
  0 170 188 170 170  62  85  85 170 170 125 170 170 188 170   0
  0 170 170   0   0 170 255 255   0   0  57   0   0 170 170   0
  0 170 170   0   0 170 255 255   0   0  57   0   0 170 170   0
  0 170 188 170 170 188 255 255 170 170 125 170 170 188 170   0
  0 170 170 170 170 170 170 170 170 170 170 170 170 170 170   0
  0   0   0   0   0   0   0   0   0   0   0   0   0   0   0   0

  0   0   0   0   0   0   0   0   0   0   0   0   0   0   0   0
  0 114 171 171 171 171 171 171 171 171 171 171 171 171 114   0
  0 171 255 255 255 199 170 170 255 255 227 170 170 227 171   0
  0 171 255 255 255  84   0   0 255 255 170   0   0 170 171   0
  0 171 255 255 255  84   0   0 255 255 170   0   0 170 171   0
  0 171 199  84  84  85  56  56 255 255 177  56  56 177 171   0
  0 171 170   0   0  56   0   0 255 255 170   0   0 170 171   0
  0 171 170   0   0  56   0   0 255 255 170   0   0 170 171   0
  0 171 255 255 255  84   0   0   0   0  84 255 255 255 171   0
  0 171 255 255 255  84   0   0   0   0  84 255 255 255 171   0
  0 171 227 170 170 125  84  84  84  84 125 170 170 227 171   0
  0 171 170   0   0 170 255 255 255 255 170   0   0 170 171   0
  0 171 170   0   0 170 255 255 255 255 170   0   0 170 171   0
  0 171 227 170 170 227 255 255 255 255 227 170 170 227 171   0
  0 114 171 171 171 171 171 171 171 171 171 171 171 171 114   0
  0   0   0   0   0   0   0   0   0   0   0   0   0   0   0   0
  0   0   0   0   0   0   0   0   0   0   0   0   0   0   0   0
  0 114 171 171 171 171 171 171 171 171 171 171 171 171 114   0
  0 171 255 255 255 199 170 170 255 255 227 170 170 227 171   0
  0 171 255 255 255  84   0   0 255 255 170   0   0 170 171   0
  0 171 255 255 255  84   0   0 255 255 170   0   0 170 171   0
  0 171 199  84  84  85  56  56 255 255 177  56  56 177 171   0
  0 171 170   0   0  56   0   0 255 255 170   0   0 170 171   0
  0 171 170   0   0  56   0   0 255 255 170   0   0 170 171   0
  0 171 255 255 255  84   0   0   0   0  84 255 255 255 171   0
  0 171 255 255 255  84   0   0   0   0  84 255 255 255 171   0
  0 171 227 170 170 125  84  84  84  84 125 170 170 227 171   0
  0 171 170   0   0 170 255 255 255 255 170   0   0 170 171   0
  0 171 170   0   0 170 255 255 255 255 170   0   0 170 171   0
  0 171 227 170 170 227 255 255 255 255 227 170 170 227 171   0
  0 114 171 171 171 171 171 171 171 171 171 171 171 171 114   0
  0   0   0   0   0   0   0   0   0   0   0   0   0   0   0   0
  0   0   0   0   0   0   0   0   0   0   0   0   0   0   0   0
  0 114 171 171 171 171 171 171 171 171 171 171 171 171 114   0
  0 171 255 255 255 199 170 170 255 255 227 170 170 227 171   0
  0 171 255 255 255  84   0   0 255 255 170   0   0 170 171   0
  0 171 255 255 255  84   0   0 255 255 170   0   0 170 171   0
  0 171 199  84  84  85  56  56 255 255 177  56  56 177 171   0
  0 171 170   0   0  56   0   0 255 255 170   0   0 170 171   0
  0 171 170   0   0  56   0   0 255 255 170   0   0 170 171   0
  0 171 255 255 255  84   0   0   0   0  84 255 255 255 171   0
  0 171 255 255 255  84   0   0   0   0  84 255 255 255 171   0
  0 171 227 170 170 125  84  84  84  84 125 170 170 227 171   0
  0 171 170   0   0 170 255 255 255 255 170   0   0 170 171   0
  0 171 170   0   0 170 255 255 255 255 170   0   0 170 171   0
  0 171 227 170 170 227 255 255 255 255 227 170 170 227 171   0
  0 114 171 171 171 171 171 171 171 171 171 171 171 171 114   0
  0   0   0   0   0   0   0   0   0   0   0   0   0   0   0   0

  0   0   0   0   0   0   0   0   0   0   0   0   0   0   0   0
  0 114 171 171 171 171 171 171 171 171 171 171 171 171 114   0
  0 171 227 170 170 177 170 170 255 255 227 170 170 227 171   0
  0 171 170   0   0  56   0   0 255 255 170   0   0 170 171   0
  0 171 170   0   0  56   0   0 255 255 170   0   0 170 171   0
  0 171 227 170 170 177 170 170  84  84 125 170 170 227 171   0
  0 171 255 255 255 255 255 255   0   0  84 255 255 255 171   0
  0 171 255 255 255 255 255 255   0   0  84 255 255 255 171   0
  0 171 170   0   0  56   0   0   0   0  84 255 255 255 171   0
  0 171 170   0   0  56   0   0   0   0  84 255 255 255 171   0
  0 171 199  84  84  85  56  56  84  84 125 170 170 227 171   0
  0 171 255 255 255  84   0   0 255 255 170   0   0 170 171   0
  0 171 255 255 255  84   0   0 255 255 170   0   0 170 171   0
  0 171 255 255 255 199 170 170 255 255 227 170 170 227 171   0
  0 114 171 171 171 171 171 171 171 171 171 171 171 171 114   0
  0   0   0   0   0   0   0   0   0   0   0   0   0   0   0   0
  0   0   0   0   0   0   0   0   0   0   0   0   0   0   0   0
  0 114 171 171 171 171 171 171 171 171 171 171 171 171 114   0
  0 171 227 170 170 177 170 170 255 255 227 170 170 227 171   0
  0 171 170   0   0  56   0   0 255 255 170   0   0 170 171   0
  0 171 170   0   0  56   0   0 255 255 170   0   0 170 171   0
  0 171 227 170 170 177 170 170  84  84 125 170 170 227 171   0
  0 171 255 255 255 255 255 255   0   0  84 255 255 255 171   0
  0 171 255 255 255 255 255 255   0   0  84 255 255 255 171   0
  0 171 170   0   0  56   0   0   0   0  84 255 255 255 171   0
  0 171 170   0   0  56   0   0   0   0  84 255 255 255 171   0
  0 171 199  84  84  85  56  56  84  84 125 170 170 227 171   0
  0 171 255 255 255  84   0   0 255 255 170   0   0 170 171   0
  0 171 255 255 255  84   0   0 255 255 170   0   0 170 171   0
  0 171 255 255 255 199 170 170 255 255 227 170 170 227 171   0
  0 114 171 171 171 171 171 171 171 171 171 171 171 171 114   0
  0   0   0   0   0   0   0   0   0   0   0   0   0   0   0   0
  0   0   0   0   0   0   0   0   0   0   0   0   0   0   0   0
  0 114 171 171 171 171 171 171 171 171 171 171 171 171 114   0
  0 171 227 170 170 177 170 170 255 255 227 170 170 227 171   0
  0 171 170   0   0  56   0   0 255 255 170   0   0 170 171   0
  0 171 170   0   0  56   0   0 255 255 170   0   0 170 171   0
  0 171 227 170 170 177 170 170  84  84 125 170 170 227 171   0
  0 171 255 255 255 255 255 255   0   0  84 255 255 255 171   0
  0 171 255 255 255 255 255 255   0   0  84 255 255 255 171   0
  0 171 170   0   0  56   0   0   0   0  84 255 255 255 171   0
  0 171 170   0   0  56   0   0   0   0  84 255 255 255 171   0
  0 171 199  84  84  85  56  56  84  84 125 170 170 227 171   0
  0 171 255 255 255  84   0   0 255 255 170   0   0 170 171   0
  0 171 255 255 255  84   0   0 255 255 170   0   0 170 171   0
  0 171 255 255 255 199 170 170 255 255 227 170 170 227 171   0
  0 114 171 171 171 171 171 171 171 171 171 171 171 171 114   0
  0   0   0   0   0   0   0   0   0   0   0   0   0   0   0   0
